λ (nm)	photon flux (γ/s/cm^2/nm)
0.50	261595.73
1.50	21279806.82
2.50	29681054.43
3.50	35743032.50
4.50	55463326.29
5.50	95180601.67
6.50	167094275.08
7.50	154316329.61
8.50	164629238.35
9.50	152932890.63
10.50	124660428.61
11.50	92564644.33
12.50	52759331.92
13.50	59968306.67
14.50	137136532.85
15.50	131778850.99
16.50	213326290.37
17.50	1417396116.31
18.50	1228493812.25
19.50	965288258.38
20.50	687871013.18
21.50	521330113.69
22.50	724418955.63
23.50	440964885.80
24.50	560795854.71
25.50	987775430.12
26.50	289289666.97
27.50	420565449.24
28.50	497509809.84
29.50	249320857.23
30.50	7180802897.68
31.50	511847268.34
32.50	173307173.76
33.50	476934299.23
34.50	630018110.47
35.50	473261897.58
36.50	1030108662.84
37.50	49426501.66
38.50	68563235.74
39.50	43716671.70
40.50	49380828.32
41.50	55270041.99
42.50	61384312.73
43.50	67723640.52
44.50	74288025.38
45.50	81077467.29
46.50	88091966.26
47.50	95331522.29
48.50	102796135.37
49.50	110485805.52
50.50	118400532.72
51.50	126540316.99
52.50	134905158.31
53.50	143495056.69
54.50	152310012.13
55.50	161350024.62
56.50	170615094.18
57.50	180105220.79
58.50	189820404.47
59.50	199760645.20
60.50	209925942.99
61.50	220316297.84
62.50	230931709.75
63.50	241772178.71
64.50	252837704.74
65.50	264128287.82
66.50	275643927.96
67.50	287384625.16
68.50	299350379.42
69.50	311541190.74
70.50	323957059.11
71.50	336597984.55
72.50	349463967.04
73.50	362555006.59
74.50	375871103.20
75.50	389412256.87
76.50	403178467.60
77.50	417169735.39
78.50	431386060.23
79.50	445827442.13
80.50	460493881.10
81.50	475385377.12
82.50	490501930.20
83.50	505843540.33
84.50	521410207.53
85.50	537201931.78
86.50	553218713.10
87.50	569460551.47
88.50	585927446.90
89.50	602619399.39
90.50	619536408.94
91.50	636678475.54
92.50	654045599.21
93.50	671637779.93
94.50	689455017.71
95.50	707497312.55
96.50	725764664.45
97.50	744257073.41
98.50	762974539.43
99.50	781917062.50
100.50	801084642.64
101.50	820477279.83
102.50	840094974.08
103.50	859937725.39
104.50	880005533.76
105.50	900298399.18
106.50	920816321.67
107.50	941559301.21
108.50	962527337.81
109.50	983720431.47
110.50	1005138582.19
111.50	1026781789.97
112.50	1048650054.81
113.50	1070743376.70
114.50	1093061755.66
115.50	1115605191.67
116.50	1394858637.69
117.50	4994843545.63
118.50	1949366133.41
119.50	3270349129.69
120.50	9820404467.25
121.50	433437894657.41
122.50	4209050206.26
123.50	2715036724.02
124.50	1985436160.58
125.50	1793037528.93
126.50	2481889526.11
127.50	1295653486.27
128.50	1008451554.48
129.50	1211741623.91
130.50	10307123453.06
131.50	1680299828.96
132.50	1346463426.90
133.50	12961817084.21
134.50	1285592111.88
135.50	2910680148.91
136.50	1840325988.53
137.50	2012903712.65
138.50	1971802998.29
139.50	5375641412.62
140.50	4650820002.01
141.50	2826013683.47
142.50	3068216118.32
143.50	3551765771.20
144.50	3482015293.29
145.50	3733021430.73
146.50	4635702787.00
147.50	5824906932.29
148.50	5983926954.42
149.50	5490240466.85
150.50	6155372773.92
151.50	6737398128.58
152.50	8438977764.36
153.50	9420967904.22
154.50	16166616359.79
155.50	14628483750.88
156.50	14565097092.26
157.50	12994265016.60
158.50	13076768286.55
159.50	12998792635.07
160.50	14614397826.74
161.50	17386558003.82
162.50	20273669383.24
163.50	21878961666.16
164.50	25488479726.33
165.50	40463326290.37
166.50	27724871717.48
167.50	33031492101.82
168.50	36449844048.70
169.50	48348173860.55
170.50	55838364020.53
171.50	56424690612.74
172.50	62047238152.73
173.50	63017909246.40
174.50	77339018009.86
175.50	95115738001.81
176.50	103104484354.56
177.50	125702467552.07
178.50	140731418653.79
179.50	140060026662.64
180.50	183905509608.61
181.50	219825371264.71
182.50	211582207717.07
183.50	229316288862.06
184.50	198740786296.41
185.50	228171345708.82
186.50	266167906227.99
187.50	298919974343.50
188.50	321859624962.27
189.50	356592611681.26
190.50	380432084213.70
191.50	405358525757.12
192.50	438034243887.72
193.50	341918043314.22
194.50	565677095532.75
195.50	552043887211.99
196.50	626840140356.17
197.50	640102189606.60
198.50	648726719488.88
199.50	711205556897.07
200.50	774829012224.57
201.50	872147914780.16
202.50	862232225324.48
203.50	1003845393651.27
204.50	1117464211691.32
205.50	1154435896468.46
206.50	1199152293993.36
207.50	1392708308179.90
208.50	1604057063084.82
209.50	2323803762954.02
210.50	3045655858235.24
211.50	3709612964080.89
212.50	3539811915182.61
213.50	3196660380823.02
214.50	4584949909447.63
215.50	3755144415937.22
216.50	3641736283831.37
217.50	3553616057953.52
218.50	5021604416943.35
219.50	5315761512727.64
220.50	5258686507696.95
221.50	3766607611429.72
222.50	5547283856524.80
223.50	7095768578327.80
224.50	6521999441593.72
225.50	5781236681255.66
226.50	4073111054935.10
227.50	4156172527417.25
228.50	5967292788509.91
229.50	5081260232417.75
230.50	6224631743636.18
231.50	5390344385753.09
232.50	5847684953214.61
233.50	4907830991548.45
234.50	4009696365328.50
235.50	6461434990944.76
236.50	5000143963175.37
237.50	6059258476707.92
238.50	4188317001207.37
239.50	5204755010564.44
240.50	4808516686789.42
241.50	5634126479022.04
242.50	8502957880571.49
243.50	7783439893349.43
244.50	7446366933293.09
245.50	5881403410805.92
246.50	5909757515846.66
247.50	6842518374584.97
248.50	5298596808028.98
249.50	6813196335144.38
250.50	7193943382131.00
251.50	5579473981285.84
252.50	4943094614649.36
253.50	6375730319951.71
254.50	7121060564443.10
255.50	10154536319046.18
256.50	12286811952912.77
257.50	15339554029580.45
258.50	16367206182714.56
259.50	13712025430123.76
260.50	11141729678539.09
261.50	10928020276184.73
262.50	13927052520374.29
263.50	20539094602072.65
264.50	32290622522386.56
265.50	33744598551162.09
266.50	33018596538887.21
267.50	33150231537378.02
268.50	33229137488680.96
269.50	29715527165710.84
270.50	37708554582956.03
271.50	31561253546634.47
272.50	25035358310695.25
273.50	28866206509709.23
274.50	16985291654089.95
275.50	24448760891437.77
276.50	34220971450850.19
277.50	34127292861454.88
278.50	22553105971425.70
279.50	10786611975550.86
280.50	12505214367642.62
281.50	29559907435355.68
282.50	41432722230606.70
283.50	46260288635677.64
284.50	35684125968407.29
285.50	18154987800583.56
286.50	48919565122245.71
287.50	53665379439581.45
288.50	44347811298923.44
289.50	66316777769393.30
290.50	88943886457390.08
291.50	83020924539692.14
292.50	72833059160881.39
293.50	82653899587483.67
294.50	74856720545326.50
295.50	83919636356776.33
296.50	75332255282221.58
297.50	80716922351343.20
298.50	59915593344400.86
299.50	84274852248717.17
300.50	55662825284233.83
301.50	76071325762149.11
302.50	74448616183720.70
303.50	97818578277492.72
304.50	92408703516450.36
305.50	97215577422275.89
306.50	87316357732166.22
307.50	101116265469363.12
308.50	102060686563034.53
309.50	76973621566556.00
310.50	95167550482945.55
311.50	109215706999654.44
312.50	101177024903997.73
313.50	105368776505433.14
314.50	103395161127879.94
315.50	96465831855317.38
316.50	101840204044672.52
317.50	114386682387564.17
318.50	105558385182613.88
319.50	112493095921660.39
320.50	119615656779431.50
321.50	112968092326654.20
322.50	107501435520564.39
323.50	108215273645161.33
324.50	122209135627326.72
325.50	141399528391940.91
326.50	155781004527618.50
327.50	154040507380736.75
328.50	154466851849855.28
329.50	167072281603991.22
330.50	166834227328080.78
331.50	159212979084484.38
332.50	156675333144682.53
333.50	154789817801925.12
334.50	158678187392286.50
335.50	154724333830722.41
336.50	142591146811680.25
337.50	144162439278033.69
338.50	155541648805369.28
339.50	165570645992114.38
340.50	168456731903674.94
341.50	166124927593476.50
342.50	168649761724550.06
343.50	161087813914880.78
344.50	151686133313210.62
345.50	157685201715760.34
346.50	162883445881642.84
347.50	161085247398838.84
348.50	160620057601368.31
349.50	166603101510882.88
350.50	177137114789102.34
351.50	175981421063627.06
352.50	173635722053172.97
353.50	185240039654051.75
354.50	194957262612748.72
355.50	188017446280418.41
356.50	170076469954882.34
357.50	151294866673550.75
358.50	151381571814383.25
359.50	169012984992428.34
360.50	176531766258149.09
361.50	175992843594000.28
362.50	180102543342514.41
363.50	186896305469614.78
364.50	197872043207468.09
365.50	212457477889516.41
366.50	222706726844728.44
367.50	222980117466545.94
368.50	221249575841202.72
369.50	224609313047686.09
370.50	223622714570508.03
371.50	217076832661795.00
372.50	201243914447899.59
373.50	187843711558118.16
374.50	185675049378989.69
375.50	196520356172652.66
376.50	217465231579300.38
377.50	234335786883321.66
378.50	238421106751182.19
379.50	232190261092665.25
380.50	220239496529896.06
381.50	198608267233314.47
382.50	176047134324064.16
383.50	166422382968922.97
384.50	176021488853947.81
385.50	189002395341173.22
386.50	195469938716168.66
387.50	199447680853204.53
388.50	208381838967703.00
389.50	225578764132778.69
390.50	236140986680515.84
391.50	226143876573569.72
392.50	203323694072302.28
393.50	190306137898875.50
394.50	193857567509923.91
395.50	203624582799416.25
396.50	214767586457949.34
397.50	237001448418687.00
398.50	274253544007334.00
399.50	312589512947159.06
400.50	339342947754027.19
401.50	350711224563587.94
402.50	353596189254452.12
403.50	351313510691534.19
404.50	346842097628869.31
405.50	342713762997387.56
406.50	343522215592701.69
407.50	345687841788298.44
408.50	349608545368271.94
409.50	354292779714734.50
410.50	357584375627770.12
411.50	364724438109970.81
412.50	368883251151697.56
413.50	373222357969680.69
414.50	374898103439042.75
415.50	373422791617577.00
416.50	372775368945009.06
417.50	369610668290860.06
418.50	369461797877207.31
419.50	369800647639059.81
420.50	370431931469463.75
421.50	371877441489238.19
422.50	370041550998972.56
423.50	368658398229198.12
424.50	366757384838560.00
425.50	363816170813604.88
426.50	359718659129513.56
427.50	348845737476869.75
428.50	337712420004675.56
429.50	329810823264772.25
430.50	328678963798737.56
431.50	337869925630854.94
432.50	352448755932314.00
433.50	367768370716298.69
434.50	380862737389045.50
435.50	388222171412281.62
436.50	392457437150866.88
437.50	392969280418773.75
438.50	394743413307663.25
439.50	399657377120434.62
440.50	406740432790019.00
441.50	416553240691551.69
442.50	424948514623413.38
443.50	430742082603230.44
444.50	435288126457756.00
445.50	438409606851796.00
446.50	443378119264694.38
447.50	451430284370737.38
448.50	458920768673083.12
449.50	464422620418930.50
450.50	468764158701411.94
451.50	469226716470470.06
452.50	467478557751668.06
453.50	467015301374972.75
454.50	467998584491906.69
455.50	469476502969317.69
456.50	472233643582999.25
457.50	475523316606298.44
458.50	478125842264282.88
459.50	480462579508256.19
460.50	482552564316750.88
461.50	484176882977542.38
462.50	484656708002146.56
463.50	483864152866971.44
464.50	482264302838222.25
465.50	480532632886450.19
466.50	478257639903410.81
467.50	477495022582195.81
468.50	478297345820494.12
469.50	479745054687992.31
470.50	482032413012856.62
471.50	485402708521984.25
472.50	488918274295785.06
473.50	492215438567736.44
474.50	495554543989613.38
475.50	498810634557643.88
476.50	501549390217828.69
477.50	504214164843042.56
478.50	506816164873771.44
479.50	507896676232751.88
480.50	507739054670357.81
481.50	503722169044949.62
482.50	497833429105040.81
483.50	490736535022729.62
484.50	483511767960300.44
485.50	477444091500230.69
486.50	473997782413901.25
487.50	473939710510815.06
488.50	476463592330693.06
489.50	480692780328938.75
490.50	485296064292182.38
491.50	489661330947350.25
492.50	493553566182283.50
493.50	496092885239109.62
494.50	497726934325327.88
495.50	498021984309897.94
496.50	497271287059395.69
497.50	496195941354648.69
498.50	494493487392359.56
499.50	492840511703207.75
500.50	491830848350614.44
501.50	491559064822443.88
502.50	492398385284162.06
503.50	494204152763271.94
504.50	496338338272755.81
505.50	498844258476708.06
506.50	500794046472958.81
507.50	501840491372371.50
508.50	502012122180081.19
509.50	501525889464193.12
510.50	500221018631022.19
511.50	496777892368021.25
512.50	491940233197930.94
513.50	487277614169120.81
514.50	483066719388268.38
515.50	479331612998381.00
516.50	476294357744124.31
517.50	474603892638537.75
518.50	476622093268940.50
519.50	479932961997043.62
520.50	483379120643992.94
521.50	486794194413925.06
522.50	490520247048663.69
523.50	494582324159515.88
524.50	498334466046030.25
525.50	500962874373522.12
526.50	502729902632621.56
527.50	504602350627892.75
528.50	507767990530698.75
529.50	510539628166430.56
530.50	512796529511840.50
531.50	514498140040611.44
532.50	515606181914222.19
533.50	516515213316266.94
534.50	516988315053918.56
535.50	516886363096136.44
536.50	516164156078179.88
537.50	515490571437977.50
538.50	514970796519352.06
539.50	514701221021222.25
540.50	514834369822584.56
541.50	515268175000597.25
542.50	515961725840124.75
543.50	516896988186868.56
544.50	518091749228391.75
545.50	519213036506846.75
546.50	520122834255508.00
547.50	521330384304045.00
548.50	522333405693697.12
549.50	523109775924518.81
550.50	523443697851723.19
551.50	523354493497066.94
552.50	523027653413714.88
553.50	522712388611345.62
554.50	522393040976128.88
555.50	522010744370661.00
556.50	521402851282825.12
557.50	520829258626629.06
558.50	520402761886984.31
559.50	520517183185854.69
560.50	520942448272122.38
561.50	521487430599383.56
562.50	521868593223860.38
563.50	522498437391163.00
564.50	523308610927934.31
565.50	524455075489146.31
566.50	525630655283622.50
567.50	526839124537845.50
568.50	527864894534787.19
569.50	528860734768022.44
570.50	529838344710546.88
571.50	530951878752054.31
572.50	532118813388973.38
573.50	533175541525699.38
574.50	534142632206459.44
575.50	534995004651099.06
576.50	535560255070993.31
577.50	536047296035758.31
578.50	536529045383425.75
579.50	536630118080409.50
580.50	536282501428355.81
581.50	535781406757692.62
582.50	535221787773841.44
583.50	534524605223441.94
584.50	533808243555922.44
585.50	533063031452845.06
586.50	532374042984459.62
587.50	531714472189314.38
588.50	531253627376999.75
589.50	530915825758719.12
590.50	531183839128913.62
591.50	531432975697846.38
592.50	531653694835985.62
593.50	531967902606739.19
594.50	532344103901115.44
595.50	532725095392668.88
596.50	533105895713854.56
597.50	533407814244761.81
598.50	533640730127692.12
599.50	533543670717463.56
600.50	533371308712987.88
601.50	533048974693209.31
602.50	532703342467931.38
603.50	532331851590154.50
604.50	531739510904817.25
605.50	530997594052443.38
606.50	530030721831180.75
607.50	528972228848594.38
608.50	527947877670281.06
609.50	526926814243587.62
610.50	526060240873970.38
611.50	525205879843851.62
612.50	524299909931350.44
613.50	523387475956124.31
614.50	522590090948185.00
615.50	521808185542923.06
616.50	521522224066807.62
617.50	521260525040245.50
618.50	521433680971425.69
619.50	521594855990353.12
620.50	521599873044880.81
621.50	521597410567764.00
622.50	521477285090530.12
623.50	521355156374616.94
624.50	521336952047735.12
625.50	521316011517819.75
626.50	521402894063205.94
627.50	521492007337755.56
628.50	521303288271374.06
629.50	521077223818883.94
630.50	520764545364162.19
631.50	520427401182759.88
632.50	520174560977623.88
633.50	519957908539259.31
634.50	519774551868030.56
635.50	519615666125280.06
636.50	519338464727430.06
637.50	518904826385395.44
638.50	518469373375988.06
639.50	518035708430370.31
640.50	517609805991548.56
641.50	517298106474494.50
642.50	516982915660529.25
643.50	515928784156886.44
644.50	514777836081773.19
645.50	513644357132077.19
646.50	512515980984002.50
647.50	511405358973069.00
648.50	510319076335647.38
649.50	509255203491296.88
650.50	508306019530539.75
651.50	507351506571666.12
652.50	506478924990476.81
653.50	505609925249260.69
654.50	505022226261228.06
655.50	504606131462264.75
656.50	504451376503970.44
657.50	504912995215017.69
658.50	505373680765977.19
659.50	506060729055288.12
660.50	506754573911453.12
661.50	507430235680296.88
662.50	508094120273373.50
663.50	508735146990786.06
664.50	509300199290988.88
665.50	509864644540904.50
666.50	510347957050404.19
667.50	510815059632352.56
668.50	511134682765690.50
669.50	511250243291455.00
670.50	511363864940893.62
671.50	511002932192039.56
672.50	510628993347272.75
673.50	510247118721580.69
674.50	509857467110868.38
675.50	509464427638074.31
676.50	509068437713077.69
677.50	508669047364220.62
678.50	508242435718997.00
679.50	507790332528423.44
680.50	507334693882684.44
681.50	506821221690593.94
682.50	506304054694574.44
683.50	505793243137222.69
684.50	505291576116254.75
685.50	504786281128111.00
686.50	504211854947874.31
687.50	503623807872251.62
688.50	503028361117319.50
689.50	502419438237370.19
690.50	501806629823603.31
691.50	501188328788564.81
692.50	500565270965389.00
693.50	499938824917201.00
694.50	499358501168928.25
695.50	498774430218150.94
696.50	498190973741870.00
697.50	497612261528595.81
698.50	497029838949749.69
699.50	496473142026138.12
700.50	495928691724315.38
701.50	495380660538510.06
702.50	494854966389868.69
703.50	494327421835238.75
704.50	493788581175495.50
705.50	493214996878068.12
706.50	492637799566525.56
707.50	492051093649680.44
708.50	491452931920687.44
709.50	490851118419481.19
710.50	490248304329280.94
711.50	489643275499161.94
712.50	489034606378162.19
713.50	488415306519416.31
714.50	487790912990013.69
715.50	487162855561531.00
716.50	486553322333542.44
717.50	485940411576174.12
718.50	485337108159948.81
719.50	484818759751961.12
720.50	484297092831148.88
721.50	483782994771531.00
722.50	483300132848044.38
723.50	482814078161028.81
724.50	482312075266267.06
725.50	481779701664849.56
726.50	481244025263289.75
727.50	480732883188459.88
728.50	480263995742717.56
729.50	479792006886790.69
730.50	479348948184258.56
731.50	478949033069954.19
732.50	478546230442152.06
733.50	478125714374239.25
734.50	477681768556406.06
735.50	477234838974699.44
736.50	476787790918042.75
737.50	476342070647342.19
738.50	475893386064831.50
739.50	475485546214645.56
740.50	475156330208736.00
741.50	474824488413524.50
742.50	474516096896858.75
743.50	474272292882079.12
744.50	474026113930021.38
745.50	473775323657216.56
746.50	473511218987742.25
747.50	473244704088711.19
748.50	472973908946957.44
749.50	472655758302630.31
750.50	472335072511367.00
751.50	472011851573167.75
752.50	471687762892831.25
753.50	471361349854804.00
754.50	471032406649212.25
755.50	470662003645916.06
756.50	470272261207697.25
757.50	469879841378201.50
758.50	469455774403863.56
759.50	468998761706409.19
760.50	468538915725928.19
761.50	468080828443413.00
762.50	467634480306936.56
763.50	467185349138921.69
764.50	466733434939368.69
765.50	466310090867168.56
766.50	465885016630994.56
767.50	465457243812254.88
768.50	465085493837711.25
769.50	464740158230264.88
770.50	464392352131132.56
771.50	464039416000100.69
772.50	463679056934802.38
773.50	463316207679344.06
774.50	462950868233725.75
775.50	462549343294984.44
776.50	462144900471044.44
777.50	461737879679615.12
778.50	461338909945978.38
779.50	460944484670271.62
780.50	460547526937780.94
781.50	460144284093842.06
782.50	459722480558945.81
783.50	459298094021356.44
784.50	458871124481073.75
785.50	458373594684056.94
786.50	457849394498081.00
787.50	457322377417230.75
788.50	456784005711986.06
789.50	456219682690124.19
790.50	455652462567375.38
791.50	455082345343739.75
792.50	454569095742503.94
793.50	454070974192574.75
794.50	453570151419421.25
795.50	453076909843867.94
796.50	452615459926337.12
797.50	452151421183262.94
798.50	451684793614644.94
799.50	451170103357500.31
800.50	450630284930275.25
801.50	450087707892797.88
802.50	449545056289647.81
803.50	449030557741063.50
804.50	448513384197322.69
805.50	447993535658425.56
806.50	447509186737730.31
807.50	447068973202287.44
808.50	446626295043601.75
809.50	446181152261673.06
810.50	445722935606386.06
811.50	445259572563368.38
812.50	444793712172708.94
813.50	444318639997109.19
814.50	443786661284102.69
815.50	443252035155011.75
816.50	442714761609836.19
817.50	442206129238354.06
818.50	441741916292719.00
819.50	441275247298521.00
820.50	440806122255760.19
821.50	440376710572422.88
822.50	439967679749655.94
823.50	439556350823578.31
824.50	439142723794189.62
825.50	438691439614984.75
826.50	438232944136397.38
827.50	437772053205656.88
828.50	437295951073086.25
829.50	436646950650928.88
830.50	435995112816115.62
831.50	435340437568646.44
832.50	434665622214110.81
833.50	433933070197195.19
834.50	433197507567479.50
835.50	432458934324963.75
836.50	431746086222108.69
837.50	431079283146424.00
838.50	430409655146393.06
839.50	429737202222015.88
840.50	428997867188962.06
841.50	428183234165432.00
842.50	427365451906118.50
843.50	426544520411021.31
844.50	425674180274675.56
845.50	424761128525673.38
846.50	423844724662105.50
847.50	422924968683972.19
848.50	422104722195871.00
849.50	421355939823398.94
850.50	420604223362511.25
851.50	419849572813208.12
852.50	419247972698448.12
853.50	418752327616558.00
854.50	418254368693870.88
855.50	417754095930386.75
856.50	417357794468610.81
857.50	417039700984193.25
858.50	416719729070916.38
859.50	416397878728780.12
860.50	416088064112964.19
861.50	415789787445759.88
862.50	415489695760869.38
863.50	415187789058292.44
864.50	414959076228130.31
865.50	414828267315662.06
866.50	414696046946593.25
867.50	414562415120923.81
868.50	414493202263809.31
869.50	414562780269644.88
870.50	414631420555387.94
871.50	414699123121038.44
872.50	414752466449116.62
873.50	414739237601708.69
874.50	414724890059760.25
875.50	414709423823271.62
876.50	414692838892242.75
877.50	414547334411226.81
878.50	414400419951669.62
879.50	414252095513571.06
880.50	414102361096931.25
881.50	413959517569288.62
882.50	413817491959522.81
883.50	413674080211096.31
884.50	413529282324008.69
885.50	413355891625390.31
886.50	413159652526488.88
887.50	412961917558052.69
888.50	412762686720081.50
889.50	412530078405546.56
890.50	412217759816700.12
891.50	411903698170964.12
892.50	411587893468338.69
893.50	411270345708823.88
894.50	410921332046035.12
895.50	410570508869461.75
896.50	410217876179103.69
897.50	409863433974960.94
898.50	409433662797999.00
899.50	408965667079390.75
900.50	408495617594274.69
901.50	408023514342650.88
902.50	407574486753327.81
903.50	407179456306644.12
904.50	406782551733726.50
905.50	406383773034574.88
906.50	405983120209189.38
907.50	405596337948818.19
908.50	405208902651422.62
909.50	404819630538593.12
910.50	404428521610329.81
911.50	404034354543968.25
912.50	403637173267347.50
913.50	403238149920766.69
914.50	402837284504225.75
915.50	402432157161812.06
916.50	401992997831863.69
917.50	401551920911758.12
918.50	401108926401495.56
919.50	400664014301075.81
920.50	400253304599501.44
921.50	399865883386323.25
922.50	399476677598350.00
923.50	399085687235581.44
924.50	398693407668066.69
925.50	398304358756794.00
926.50	397913537177944.38
927.50	397520942931518.00
928.50	397126576017514.81
929.50	396702410559677.19
930.50	396254368109282.44
931.50	395804445307163.19
932.50	395352642153319.50
933.50	394898958647751.31
934.50	394453070248121.44
935.50	394005322204006.56
936.50	393555714515406.75
937.50	393104247182322.06
938.50	392678350759208.25
939.50	392290168444594.56
940.50	391900269061503.06
941.50	391508652609933.62
942.50	391115319089886.56
943.50	390805158668685.50
944.50	390514706161618.12
945.50	390222761520273.75
946.50	389929324744652.12
947.50	389616692875473.62
948.50	389202108859824.25
949.50	388785783591737.06
950.50	388367717071212.38
951.50	387947909298249.94
952.50	387526360272849.94
953.50	387179294195179.50
954.50	386854742792759.62
955.50	386528660510215.06
956.50	386201047347546.00
957.50	385881755691901.44
958.50	385660676357001.12
959.50	385438294801962.25
960.50	385214611026784.75
961.50	384989625031468.50
962.50	384781215969586.12
963.50	384599535723368.06
964.50	384416648517236.94
965.50	384232554351192.81
966.50	384047253225235.44
967.50	383845812284143.81
968.50	383635770923740.19
969.50	383424476530361.56
970.50	383211929104008.19
971.50	382998128644680.00
972.50	382717231715930.56
973.50	382429214939907.06
974.50	382139797945402.06
975.50	381848980732415.44
976.50	381546288239511.12
977.50	381182754605174.94
978.50	380817677723697.94
979.50	380451057595080.06
980.50	380082894219321.19
981.50	379706021428904.69
982.50	379314268632603.06
983.50	378920930867786.25
984.50	378526008134454.56
985.50	378129500432607.94
986.50	377720325558219.25
987.50	377299303151081.19
988.50	376876652568269.88
989.50	376452373809785.25
990.50	376026466875627.38
991.50	375594026858921.50
992.50	375157638253180.56
993.50	374719606921895.75
994.50	374279932865067.06
995.50	373838616082694.69
996.50	373432958567198.62
997.50	373035068048531.62
998.50	372635628386840.81
999.50	372234639582125.88
1000.50	371832101634386.94
1001.50	371478875060071.69
1002.50	371129236095006.81
1003.50	370778159600851.75
1004.50	370425645577606.75
1005.50	370071694025271.75
1006.50	369782371321233.62
1007.50	369492410367716.75
1008.50	369201144490603.25
1009.50	368908573689893.06
1010.50	368612857412510.12
1011.50	368280827453097.69
1012.50	367947419712965.44
1013.50	367612634192113.19
1014.50	367276470890540.94
1015.50	366940977266334.69
1016.50	366627678848188.38
1017.50	366313053054494.12
1018.50	365997099885251.94
1019.50	365679819340461.81
1020.50	365363536356172.69
1021.50	365069461274977.44
1022.50	364774109445618.38
1023.50	364477480868095.38
1024.50	364179575542408.75
1025.50	363878080874947.62
1026.50	363551899256738.56
1027.50	363224390777280.25
1028.50	362895555436572.75
1029.50	362565393234615.88
1030.50	362231927482793.62
1031.50	361866132860150.00
1032.50	361498947436790.25
1033.50	361130371212714.50
1034.50	360760404187922.56
1035.50	360388810683159.50
1036.50	359992471143859.50
1037.50	359594695283948.62
1038.50	359195483103427.06
1039.50	358794834602294.50
1040.50	358392749780551.06
1041.50	357989810259429.31
1042.50	357585479354563.81
1043.50	357179713330046.12
1044.50	356772512185876.12
1045.50	356363875922053.88
1046.50	355917078645835.56
1047.50	355461773969206.31
1048.50	355004950615732.56
1049.50	354546608585414.19
1050.50	354086747878251.12
1051.50	353576989334649.06
1052.50	353047709415838.25
1053.50	352516784766314.44
1054.50	351984215386077.38
1055.50	351450001275127.38
1056.50	350914101918786.38
1057.50	350376530719685.88
1058.50	349837314662045.62
1059.50	349296453745865.38
1060.50	348753947971145.38
1061.50	348194989588618.25
1062.50	347616959061980.25
1063.50	347037223025348.25
1064.50	346455781478722.38
1065.50	345872634422102.50
1066.50	345298413480095.38
1067.50	344748560521546.38
1068.50	344197070802697.69
1069.50	343643944323549.44
1070.50	343089181084101.56
1071.50	342540812431940.75
1072.50	342055863558330.94
1073.50	341569414204870.94
1074.50	341081464371560.75
1075.50	340592014058400.50
1076.50	340101063265390.00
1077.50	339671019954239.94
1078.50	339245769945951.94
1079.50	338819146752807.00
1080.50	338391150374805.44
1081.50	337961780811947.12
1082.50	337599956206328.94
1083.50	337267877573994.81
1084.50	336934610295123.50
1085.50	336600154369714.56
1086.50	336264509797768.25
1087.50	335958164744225.38
1088.50	335686510479592.19
1089.50	335413789460135.38
1090.50	335140001685855.06
1091.50	334865147156751.44
1092.50	334596747750393.44
1093.50	334355617847051.38
1094.50	334113486760445.94
1095.50	333870354490577.00
1096.50	333626221037444.38
1097.50	333381086401048.31
1098.50	333160762737928.75
1099.50	332940844658096.25
1100.50	332719974863714.06
1101.50	332498153354782.38
1102.50	332275380131300.94
1103.50	332041445626719.25
1104.50	331801507754187.38
1105.50	331560590549237.19
1106.50	331318694011868.69
1107.50	331075818142081.81
1108.50	330818399588527.81
1109.50	330536862042136.31
1110.50	330254279024027.75
1111.50	329970650534202.12
1112.50	329685976572659.38
1113.50	329399761700319.38
1114.50	329105912292994.94
1115.50	328811004701423.19
1116.50	328515038925604.12
1117.50	328218014965537.94
1118.50	327919932821224.62
1119.50	327612893230588.62
1120.50	327302145904201.06
1121.50	326990321577399.31
1122.50	326677420250183.44
1123.50	326363441922553.44
1124.50	326037206694591.69
1125.50	325693772126403.62
1126.50	325349212059716.00
1127.50	325003526494528.62
1128.50	324656715430841.69
1129.50	324309986019007.12
1130.50	323978185299919.12
1131.50	323645289617975.69
1132.50	323311298973176.75
1133.50	322976213365522.25
1134.50	322640032795012.31
1135.50	322303511228831.12
1136.50	321966204257422.81
1137.50	321627804193569.62
1138.50	321288311037271.56
1139.50	320947724788528.50
1140.50	320611439978281.00
1141.50	320284552453766.94
1142.50	319956599660161.62
1143.50	319627581597465.25
1144.50	319297498265677.62
1145.50	318966349664798.88
1146.50	318604042524940.19
1147.50	318239686088619.25
1148.50	317874210263731.31
1149.50	317507615050276.19
1150.50	317139900448253.88
1151.50	316763159970915.25
1152.50	316379556013441.25
1153.50	315994808990676.44
1154.50	315608918902620.81
1155.50	315221885749274.25
1156.50	314837682859156.19
1157.50	314470460145148.00
1158.50	314102132539730.81
1159.50	313732700042905.06
1160.50	313362162654670.38
1161.50	312990520375027.12
1162.50	312614057862045.31
1163.50	312235373333561.69
1164.50	311855575612388.75
1165.50	311474664698526.38
1166.50	311092640591974.50
1167.50	310707713119911.56
1168.50	310318341934184.19
1169.50	309927848793832.44
1170.50	309536233698856.38
1171.50	309143496649256.06
1172.50	308749637645031.31
1173.50	308361691312456.31
1174.50	307973164953597.50
1175.50	307583529531659.62
1176.50	307192785046642.94
1177.50	306800931498547.50
1178.50	306438717515308.50
1179.50	306107477481895.06
1180.50	305775234880611.88
1181.50	305441989711458.69
1182.50	305107741974435.62
1183.50	304774746825820.94
1184.50	304483637094072.06
1185.50	304191601014352.75
1186.50	303898638586663.06
1187.50	303604749811003.12
1188.50	303309934687372.88
1189.50	303024997359581.56
1190.50	302746360667502.94
1191.50	302466827903883.44
1192.50	302186399068722.88
1193.50	301905074162021.31
1194.50	301627716185596.88
1195.50	301377050360167.69
1196.50	301125542745344.38
1197.50	300873193341126.75
1198.50	300620002147514.81
1199.50	300365969164508.62
1200.50	300157324184577.12
1201.50	299969687751050.69
1202.50	299781322789252.56
1203.50	299592229299182.88
1204.50	299402407280841.75
1205.50	299211435093761.75
1206.50	299018237531698.88
1207.50	298824308261692.00
1208.50	298629647283741.12
1209.50	298434254597846.12
1210.50	298238130204007.31
1211.50	298041103227356.06
1212.50	297843284174000.75
1213.50	297644733031501.31
1214.50	297445449799857.75
1215.50	297245434479070.06
1216.50	297040818106020.50
1217.50	296824994154231.56
1218.50	296608414554740.25
1219.50	296391079307546.56
1220.50	296172988412650.44
1221.50	295954141870052.19
1222.50	295725855129152.88
1223.50	295494347040395.31
1224.50	295262065088738.50
1225.50	295029009274182.12
1226.50	294795179596726.19
1227.50	294554744788153.19
1228.50	294299909238568.44
1229.50	294044268155924.25
1230.50	293787821540220.56
1231.50	293530569391457.38
1232.50	293272511709634.69
1233.50	292996020330790.62
1234.50	292714556482863.75
1235.50	292432251815026.25
1236.50	292149106327278.25
1237.50	291865120019619.69
1238.50	291580649739824.62
1239.50	291296134131774.00
1240.50	291010779562709.62
1241.50	290724586032631.56
1242.50	290437553541539.69
1243.50	290149682089434.12
1244.50	289819242413449.38
1245.50	289478729272013.88
1246.50	289137295386768.38
1247.50	288794940757713.06
1248.50	288451665384847.62
1249.50	288101555546469.88
1250.50	287737938782573.81
1251.50	287373371694426.94
1252.50	287007854282029.50
1253.50	286641386545381.44
1254.50	286273968484482.69
1255.50	285927223281025.19
1256.50	285584312531533.19
1257.50	285240493464534.81
1258.50	284895766080030.19
1259.50	284550130378019.25
1260.50	284211369800098.81
1261.50	283889051433059.94
1262.50	283565864586477.50
1263.50	283241809260351.81
1264.50	282916885454682.75
1265.50	282591093169470.12
1266.50	282273876568848.62
1267.50	281958023449393.50
1268.50	281641320262494.19
1269.50	281323767008150.84
1270.50	281005363686363.50
1271.50	280700699634589.19
1272.50	280429277023937.00
1273.50	280157080839941.91
1274.50	279884111082603.94
1275.50	279610367751923.16
1276.50	279335850847899.47
1277.50	279093609583568.72
1278.50	278858915257161.28
1279.50	278623512032974.66
1280.50	278387399911008.94
1281.50	278150578891263.97
1282.50	277931025882885.59
1283.50	277754838761317.03
1284.50	277578039411508.28
1285.50	277400627833459.25
1286.50	277222604027170.12
1287.50	277043967992640.84
1288.50	276856980851192.28
1289.50	276667185014589.03
1290.50	276476761549451.75
1291.50	276285710455780.25
1292.50	276094031733574.81
1293.50	275900840432810.75
1294.50	275704742790185.34
1295.50	275508012632229.03
1296.50	275310649958941.91
1297.50	275112654770324.03
1298.50	274914027066375.34
1299.50	274711934774264.59
1300.50	274508359013302.44
1301.50	274304145076345.06
1302.50	274099292963392.47
1303.50	273893802674444.88
1304.50	273686044179769.34
1305.50	273473002138225.00
1306.50	273259312308811.03
1307.50	273044974691527.50
1308.50	272829989286374.16
1309.50	272614356093351.28
1310.50	272396644852783.84
1311.50	272177831635979.47
1312.50	271958367759240.47
1313.50	271738253222566.78
1314.50	271517488025958.38
1315.50	271297989907526.81
1316.50	271083306371594.00
1317.50	270867983389585.62
1318.50	270652020961501.59
1319.50	270435419087341.88
1320.50	270218177767106.69
1321.50	269996181493290.91
1322.50	269772238927457.50
1323.50	269547648720101.81
1324.50	269322410871223.56
1325.50	269096525380823.06
1326.50	268873575882153.91
1327.50	268660191405757.00
1328.50	268446180069149.16
1329.50	268231541872330.34
1330.50	268016276815300.69
1331.50	267800384898060.03
1332.50	267578100584787.62
1333.50	267353358695694.03
1334.50	267127978559925.97
1335.50	266901960177483.44
1336.50	266675303548366.41
1337.50	266443187284649.53
1338.50	266197380214069.06
1339.50	265950908194769.53
1340.50	265703771226751.00
1341.50	265455969310013.31
1342.50	265207502444556.59
1343.50	264953089219787.22
1344.50	264696512446735.69
1345.50	264439260645264.00
1346.50	264181333815372.19
1347.50	263922731957060.16
1348.50	263666265721494.19
1349.50	263416014978366.28
1350.50	263165103581160.81
1351.50	262913531529877.94
1352.50	262661298824517.53
1353.50	262408405465079.72
1354.50	262151557944979.06
1355.50	261893271786455.81
1356.50	261634318970078.84
1357.50	261374699495848.09
1358.50	261114413363763.53
1359.50	260858641807392.56
1360.50	260612738427396.22
1361.50	260366191487313.97
1362.50	260119000987146.00
1363.50	259871166926892.16
1364.50	259622689306552.50
1365.50	259395559851040.31
1366.50	259171401715978.50
1367.50	258946637474910.84
1368.50	258721267127837.50
1369.50	258495290674758.38
1370.50	258267544588933.91
1371.50	258037290928233.62
1372.50	257806426693213.19
1373.50	257574951883872.56
1374.50	257342866500211.72
1375.50	257110170542230.66
1376.50	256878777572035.59
1377.50	256646943325439.03
1378.50	256414501526620.06
1379.50	256181452175578.69
1380.50	255947795272315.00
1381.50	255713800157056.94
1382.50	255479514290376.47
1383.50	255244621719135.09
1384.50	255009122443332.94
1385.50	254773016462969.88
1386.50	254536303778046.06
1387.50	254294036853014.38
1388.50	254051156091839.16
1389.50	253807661494520.22
1390.50	253563553061057.81
1391.50	253318830791451.75
1392.50	253053777849930.47
1393.50	252771939212222.12
1394.50	252489435249979.09
1395.50	252206265963201.28
1396.50	251922431351888.81
1397.50	251639569952537.78
1398.50	251370802954363.56
1399.50	251101394081193.12
1400.50	250831343333026.38
1401.50	250560650709863.28
1402.50	250289316211703.88
1403.50	250001578155517.03
1404.50	249705050323610.03
1405.50	249407846585587.53
1406.50	249109966941449.47
1407.50	248811411391195.88
1408.50	248518776583290.69
1409.50	248248879958446.34
1410.50	247978350004363.69
1411.50	247707186721042.59
1412.50	247435390108483.09
1413.50	247162960166685.34
1414.50	246898464634037.06
1415.50	246635626996496.03
1416.50	246372171364094.12
1417.50	246108097736831.28
1418.50	245843406114707.53
1419.50	245576058792165.53
1420.50	245304618552738.16
1421.50	245032552558939.88
1422.50	244759860810770.44
1423.50	244486543308230.06
1424.50	244212600051318.59
1425.50	243965455628548.56
1426.50	243719168340509.31
1427.50	243472295800361.91
1428.50	243224838008106.41
1429.50	242976794963742.84
1430.50	242739794835999.66
1431.50	242512138115187.88
1432.50	242283926248728.34
1433.50	242055159236621.16
1434.50	241825837078866.25
1435.50	241598989082570.31
1436.50	241390211725134.44
1437.50	241180909368909.59
1438.50	240971082013895.91
1439.50	240760729660093.31
1440.50	240549852307501.69
1441.50	240360660005112.84
1442.50	240178782463332.47
1443.50	239996421564913.38
1444.50	239813577309855.44
1445.50	239630249698158.81
1446.50	239442105673177.81
1447.50	239245419632112.12
1448.50	239048233117004.50
1449.50	238850546127854.91
1450.50	238652358664663.34
1451.50	238453670727429.91
1452.50	238242314408394.00
1453.50	238029933515674.69
1454.50	237817034696377.91
1455.50	237603617950503.69
1456.50	237389683278052.00
1457.50	237170542150226.28
1458.50	236947616296559.88
1459.50	236724161611809.75
1460.50	236500178095975.78
1461.50	236275665749058.06
1462.50	236050082330574.72
1463.50	235822045535978.47
1464.50	235593476539728.19
1465.50	235364375341823.97
1466.50	235134741942265.75
1467.50	234904576341053.66
1468.50	234617409982610.34
1469.50	234320435700684.66
1470.50	234022839791008.78
1471.50	233724622253582.72
1472.50	233425783088406.44
1473.50	233141129912597.94
1474.50	232870692874003.31
1475.50	232599674404786.81
1476.50	232328074504948.38
1477.50	232055893174487.97
1478.50	231784431901546.97
1479.50	231519228392727.50
1480.50	231253454456736.69
1481.50	230987110093574.56
1482.50	230720195303241.12
1483.50	230452710085736.50
1484.50	230220171422601.00
1485.50	229994911845182.44
1486.50	229769140194775.44
1487.50	229542856471379.78
1488.50	229316060674995.53
1489.50	229104799842526.28
1490.50	228909761715118.28
1491.50	228714255487940.72
1492.50	228518281160993.78
1493.50	228321838734277.25
1494.50	228131868984357.22
1495.50	227975350418662.88
1496.50	227818418391000.97
1497.50	227661072901371.31
1498.50	227503313949774.09
1499.50	227345141536209.25
1500.50	227245437741923.88
1501.50	227155796849460.97
1502.50	227065834828301.72
1503.50	226975551678446.06
1504.50	226884947399894.09
1505.50	226800333170785.19
1506.50	226720573318231.81
1507.50	226640507580913.41
1508.50	226560135958830.00
1509.50	226479458451981.66
1510.50	226391786913784.72
1511.50	226283722912222.03
1512.50	226175317603734.44
1513.50	226066570988321.78
1514.50	225957483065984.16
1515.50	225848053836721.59
1516.50	225731667919765.09
1517.50	225614656148719.31
1518.50	225497293982688.34
1519.50	225379581421672.22
1520.50	225261518465670.88
1521.50	225128598440811.50
1522.50	224988477795195.88
1523.50	224847978712079.16
1524.50	224707101191461.50
1525.50	224565845233342.72
1526.50	224393878594674.19
1527.50	224177816345981.84
1528.50	223961278730760.47
1529.50	223744265749010.16
1530.50	223526777400730.78
1531.50	223303201743636.16
1532.50	223044647522027.19
1533.50	222785565586122.94
1534.50	222525955935923.38
1535.50	222265818571428.53
1536.50	222005153492638.41
1537.50	221706735371480.31
1538.50	221403137237146.59
1539.50	221098956980437.78
1540.50	220794194601353.97
1541.50	220488850099895.06
1542.50	220130300560955.28
1543.50	219741481089329.41
1544.50	219351972884884.56
1545.50	218961775947620.81
1546.50	218570890277538.12
1547.50	218189092807906.41
1548.50	217820697578267.53
1549.50	217451644434780.62
1550.50	217081933377445.59
1551.50	216711564406262.50
1552.50	216330585272750.00
1553.50	215903568180363.81
1554.50	215475821946729.47
1555.50	215047346571846.91
1556.50	214618142055716.09
1557.50	214188208398337.12
1558.50	213779931151376.56
1559.50	213371886820014.78
1560.50	212963143271412.47
1561.50	212553700505569.59
1562.50	212143558522486.25
1563.50	211766132428970.59
1564.50	211399195355127.84
1565.50	211031616056018.69
1566.50	210663394531643.03
1567.50	210294530782000.97
1568.50	209960990936184.72
1569.50	209656300319666.78
1570.50	209351050860683.75
1571.50	209045242559235.66
1572.50	208738875415322.56
1573.50	208459475038371.19
1574.50	208228516321278.00
1575.50	207997095946373.28
1576.50	207765213913657.12
1577.50	207532870223129.44
1578.50	207306896860744.16
1579.50	207111613705547.78
1580.50	206915916983103.72
1581.50	206719806693412.03
1582.50	206523282836472.75
1583.50	206326489434240.75
1584.50	206143549824423.19
1585.50	205960214837690.19
1586.50	205776484474041.72
1587.50	205592358733477.72
1588.50	205407837615998.31
1589.50	205282689769242.91
1590.50	205167775793993.84
1591.50	205052554917521.19
1592.50	204937027139824.81
1593.50	204821192460904.75
1594.50	204697996694398.97
1595.50	204571460059762.59
1596.50	204444603883690.50
1597.50	204317428166182.66
1598.50	204189932907239.00
1599.50	203966626035633.56
1600.50	203664701497295.00
1601.50	203420163253499.44
1602.50	203298323794598.62
1603.50	203176173748513.91
1604.50	203053713115245.34
1605.50	202930941894792.97
1606.50	202807860087156.69
1607.50	202684467692336.50
1608.50	202560764710332.53
1609.50	202436751141144.66
1610.50	202312426984772.94
1611.50	202187792241217.34
1612.50	202062846910477.88
1613.50	201937590992554.59
1614.50	201812024487447.41
1615.50	201686147395156.38
1616.50	201559959715681.47
1617.50	201376525988801.59
1618.50	201160665279218.66
1619.50	200944383983494.69
1620.50	200727682101629.72
1621.50	200510559633623.69
1622.50	200293016579476.72
1623.50	200075052939188.69
1624.50	199856668712759.62
1625.50	199637863900189.66
1626.50	199418638501478.56
1627.50	199198992516626.53
1628.50	198978925945633.44
1629.50	198758438788499.34
1630.50	198537531045224.22
1631.50	198316202715808.12
1632.50	198096617550969.94
1633.50	197901512826449.91
1634.50	197706020651328.22
1635.50	197510141025604.84
1636.50	197313873949279.81
1637.50	197117219422353.09
1638.50	196920177444824.72
1639.50	196722748016694.66
1640.50	196524931137962.91
1641.50	196326726808629.50
1642.50	196128135028694.47
1643.50	195929155798157.69
1644.50	195729789117019.28
1645.50	195530034985279.22
1646.50	195329893402937.44
1647.50	195129364369994.00
1648.50	194910262807329.31
1649.50	194678106976795.50
1650.50	194445526301461.66
1651.50	194212520781327.84
1652.50	193979090416393.94
1653.50	193745235206660.00
1654.50	193510955152126.03
1655.50	193276250252792.06
1656.50	193041120508658.03
1657.50	192805565919723.97
1658.50	192569586485989.88
1659.50	192333182207455.75
1660.50	192096353084121.59
1661.50	191859099115987.38
1662.50	191621420303053.19
1663.50	191389654654865.25
1664.50	191184507960224.03
1665.50	190978976526517.66
1666.50	190773060353746.09
1667.50	190566759441909.38
1668.50	190360073791007.53
1669.50	190153003401040.44
1670.50	189945548272008.25
1671.50	189737708403910.88
1672.50	189529483796748.41
1673.50	189320874450520.72
1674.50	189111880365227.84
1675.50	188902501540869.91
1676.50	188692737977446.75
1677.50	188482589674958.41
1678.50	188272056633404.94
1679.50	188038717590864.41
1680.50	187802194292134.66
1681.50	187565256254424.19
1682.50	187327903477732.91
1683.50	187090135962060.88
1684.50	186851953707408.06
1685.50	186613356713774.56
1686.50	186374344981160.19
1687.50	186134918509565.16
1688.50	185895077298989.28
1689.50	185654821349432.72
1690.50	185414150660895.38
1691.50	185173065233377.25
1692.50	184931565066878.38
1693.50	184689650161398.72
1694.50	184411998837864.62
1695.50	184117259309567.97
1696.50	183822043733768.06
1697.50	183526352110464.81
1698.50	183230184439658.34
1699.50	182933540721348.62
1700.50	182636420955535.59
1701.50	182338825142219.31
1702.50	182040753281399.75
1703.50	181742205373076.91
1704.50	181443181417250.81
1705.50	181143681413921.44
1706.50	180843705363088.81
1707.50	180543253264752.88
1708.50	180242325118913.69
1709.50	179947367158391.28
1710.50	179656806484251.06
1711.50	179365782993587.84
1712.50	179074296686401.62
1713.50	178782347562692.38
1714.50	178489935622460.16
1715.50	178197060865704.94
1716.50	177903723292426.75
1717.50	177609922902625.50
1718.50	177315659696301.28
1719.50	177020933673454.03
1720.50	176725744834083.81
1721.50	176430093178190.59
1722.50	176133978705774.34
1723.50	175837401416835.16
1724.50	175564996385783.62
1725.50	175312324766876.09
1726.50	175059242278148.22
1727.50	174805748919600.06
1728.50	174551844691231.56
1729.50	174297529593042.75
1730.50	174042803625033.59
1731.50	173787666787204.09
1732.50	173532119079554.28
1733.50	173276160502084.19
1734.50	173019791054793.72
1735.50	172763010737682.97
1736.50	172505819550751.84
1737.50	172248217494000.41
1738.50	171990204567428.72
1739.50	171790476447750.69
1740.50	171623440242441.12
1741.50	171456098613698.00
1742.50	171288451561521.25
1743.50	171120499085910.91
1744.50	170952241186867.00
1745.50	170783677864389.50
1746.50	170614809118478.41
1747.50	170445634949133.75
1748.50	170276155356355.50
1749.50	170106370340143.69
1750.50	169936279900498.25
1751.50	169765884037419.25
1752.50	169595182750906.66
1753.50	169424176040960.47
1754.50	169171392498719.84
1755.50	168899089191967.94
1756.50	168626365805770.75
1757.50	168353222340128.25
1758.50	168079658795040.56
1759.50	167805675170507.59
1760.50	167531271466529.31
1761.50	167256447683105.81
1762.50	166981203820237.00
1763.50	166705539877922.94
1764.50	166429455856163.62
1765.50	166152951754959.00
1766.50	165876027574309.16
1767.50	165598683314214.00
1768.50	165320717544336.06
1769.50	165039653808072.19
1770.50	164758166738106.59
1771.50	164476256334439.28
1772.50	164193922597070.31
1773.50	163911165525999.59
1774.50	163627985121227.25
1775.50	163344381382753.12
1776.50	163060354310577.31
1777.50	162775903904699.84
1778.50	162491030165120.69
1779.50	162205733091839.72
1780.50	161920012684857.16
1781.50	161633868944172.84
1782.50	161347301869786.84
1783.50	161068187533749.69
1784.50	160799104924610.56
1785.50	160529619521659.44
1786.50	160259731324896.28
1787.50	159989440334321.12
1788.50	159718746549934.00
1789.50	159447649971734.78
1790.50	159176150599723.59
1791.50	158904248433900.41
1792.50	158631943474265.19
1793.50	158359235720817.94
1794.50	158086125173558.69
1795.50	157812611832487.44
1796.50	157538695697604.12
1797.50	157264376768908.84
1798.50	157046769210232.19
1799.50	156836614996360.19
1800.50	156626130162664.44
1801.50	156415314709144.84
1802.50	156204168635801.47
1803.50	155992691942634.28
1804.50	155780884629643.28
1805.50	155568746696828.53
1806.50	155356278144189.91
1807.50	155143478971727.50
1808.50	154930349179441.31
1809.50	154716888767331.34
1810.50	154503097735397.50
1811.50	154288976083639.94
1812.50	154085720347987.62
1813.50	153897616760953.47
1814.50	153709211970281.94
1815.50	153520505975972.94
1816.50	153331498778026.47
1817.50	153142190376442.56
1818.50	152952580771221.16
1819.50	152762669962362.34
1820.50	152572457949866.06
1821.50	152381944733732.31
1822.50	152191130313961.16
1823.50	152000014690552.50
1824.50	151808597863506.41
1825.50	151616879832822.88
1826.50	151424493638294.47
1827.50	151226053647487.81
1828.50	151027305756078.53
1829.50	150828249964066.53
1830.50	150628886271451.97
1831.50	150429214678234.72
1832.50	150229235184414.84
1833.50	150028947789992.41
1834.50	149828352494967.22
1835.50	149627449299339.44
1836.50	149426238203109.03
1837.50	149224719206275.97
1838.50	149022892308840.28
1839.50	148820757510801.94
1840.50	148618314812160.94
1841.50	148377834358167.34
1842.50	148126357493510.16
1843.50	147874520193242.28
1844.50	147622322457363.72
1845.50	147369764285874.47
1846.50	147116845678774.56
1847.50	146863566636063.94
1848.50	146609927157742.66
1849.50	146355927243810.66
1850.50	146101566894268.06
1851.50	145846846109114.72
1852.50	145591764888350.72
1853.50	145336323231976.03
1854.50	145080521139990.66
1855.50	144850095492611.34
1856.50	144636504318006.56
1857.50	144422598943091.91
1858.50	144208379367867.41
1859.50	143993845592333.12
1860.50	143778997616488.94
1861.50	143563835440335.00
1862.50	143348359063871.22
1863.50	143132568487097.56
1864.50	142916463710014.06
1865.50	142700044732620.78
1866.50	142483311554917.62
1867.50	142266264176904.66
1868.50	142048902598581.84
1869.50	141893583512102.41
1870.50	141800406981695.50
1871.50	141707049669950.97
1872.50	141613511576868.91
1873.50	141519792702449.25
1874.50	141425893046691.97
1875.50	141331812609597.12
1876.50	141237551391164.69
1877.50	141143109391394.66
1878.50	141048486610287.03
1879.50	140953683047841.84
1880.50	140858698704059.06
1881.50	140763533578938.66
1882.50	140668187672480.72
1883.50	140562873440017.14
1884.50	140447575292148.48
1885.50	140332075577076.23
1886.50	140216374294800.31
1887.50	140100471445320.77
1888.50	139984367028637.66
1889.50	139868061044750.88
1890.50	139751553493660.50
1891.50	139634844375366.48
1892.50	139517933689868.89
1893.50	139400821437167.59
1894.50	139283507617262.73
1895.50	139165992230154.25
1896.50	139048275275842.16
1897.50	138883637373717.25
1898.50	138684899556291.95
1899.50	138485875269785.62
1900.50	138286564514198.23
1901.50	138086967289529.78
1902.50	137887083595780.31
1903.50	137686913432949.72
1904.50	137486456801038.06
1905.50	137285713700045.34
1906.50	137084684129971.56
1907.50	136883368090816.72
1908.50	136681765582580.88
1909.50	136479876605263.94
1910.50	136277701158865.91
1911.50	136039600336469.81
1912.50	135789289905587.28
1913.50	135538643287033.42
1914.50	135287660480808.38
1915.50	135036341486912.14
1916.50	134784686305344.62
1917.50	134532694936105.91
1918.50	134280367379195.89
1919.50	134027703634614.69
1920.50	133774703702362.30
1921.50	133521367582438.61
1922.50	133267695274843.73
1923.50	133013686779577.61
1924.50	132759996710428.11
1925.50	132538063876736.03
1926.50	132315828870118.73
1927.50	132093291690576.28
1928.50	131870452338108.66
1929.50	131647310812715.86
1930.50	131423867114397.86
1931.50	131200121243154.69
1932.50	130976073198986.41
1933.50	130751722981892.88
1934.50	130527070591874.23
1935.50	130302116028930.36
1936.50	130076859293061.33
1937.50	129851300384267.14
1938.50	129668463838990.78
1939.50	129558665295860.00
1940.50	129448684551463.50
1941.50	129338521605801.27
1942.50	129228176458873.34
1943.50	129117649110679.72
1944.50	129006939561220.39
1945.50	128896047810495.31
1946.50	128784973858504.50
1947.50	128673717705247.98
1948.50	128562279350725.73
1949.50	128450658794937.81
1950.50	128338856037884.14
1951.50	128226871079564.75
1952.50	128127356103779.83
1953.50	128031036847973.69
1954.50	127934551795944.14
1955.50	127837900947691.19
1956.50	127741084303214.78
1957.50	127644101862514.95
1958.50	127546953625591.66
1959.50	127449639592444.94
1960.50	127352159763074.83
1961.50	127254514137481.22
1962.50	127156702715664.20
1963.50	127058725497623.77
1964.50	126960582483359.91
1965.50	126865810510250.61
1966.50	126778752660538.98
1967.50	126691540624019.20
1968.50	126604174400691.23
1969.50	126516653990555.06
1970.50	126428979393610.73
1971.50	126341150609858.20
1972.50	126253167639297.52
1973.50	126165030481928.58
1974.50	126076739137751.50
1975.50	125988293606766.19
1976.50	125899693888972.73
1977.50	125810939984371.08
1978.50	125722031892961.27
1979.50	125651819177043.72
1980.50	125583336503288.97
1981.50	125514720571046.02
1982.50	125445971380314.89
1983.50	125377088931095.61
1984.50	125308073223388.09
1985.50	125238924257192.42
1986.50	125169642032508.59
1987.50	125100226549336.56
1988.50	125030677807676.34
1989.50	124960995807527.97
1990.50	124891180548891.38
1991.50	124821232031766.66
1992.50	124670600020385.16
1993.50	124461395141485.52
1994.50	124251917601621.64
1995.50	124042167400793.41
1996.50	123832144539000.86
1997.50	123621849016244.03
1998.50	123411280832522.86
1999.50	123200439987837.39
2000.50	122989326482187.66
2001.50	122777940315573.56
2002.50	122566281487995.19
2003.50	122354349999452.47
2004.50	122142145849945.45
2005.50	121950430201623.56
2006.50	121797038265906.88
2007.50	121643432824155.94
2008.50	121489613876370.83
2009.50	121335581422551.45
2010.50	121181335462697.84
2011.50	121026875996810.05
2012.50	120872203024888.02
2013.50	120717316546931.75
2014.50	120562216562941.23
2015.50	120406903072916.53
2016.50	120251376076857.58
2017.50	120095635574764.45
2018.50	119944820111940.72
2019.50	119815713517337.17
2020.50	119686420213801.53
2021.50	119556940201333.73
2022.50	119427273479933.80
2023.50	119297420049601.75
2024.50	119167379910337.55
2025.50	119037153062141.19
2026.50	118906739505012.72
2027.50	118776139238952.12
2028.50	118645352263959.38
2029.50	118514378580034.48
2030.50	118383218187177.48
2031.50	118246979807518.19
2032.50	118074662875850.41
2033.50	117902119106627.39
2034.50	117729348499849.12
2035.50	117556351055515.61
2036.50	117383126773626.86
2037.50	117209675654182.86
2038.50	117035997697183.62
2039.50	116862092902629.16
2040.50	116687961270519.45
2041.50	116513602800854.48
2042.50	116339017493634.27
2043.50	116164205348858.83
2044.50	115986035549280.98
2045.50	115784665293195.66
2046.50	115583042677281.92
2047.50	115381167701539.81
2048.50	115179040365969.28
2049.50	114976660670570.41
2050.50	114774028615343.11
2051.50	114571144200287.44
2052.50	114368007425403.39
2053.50	114164618290690.92
2054.50	113960976796150.06
2055.50	113757082941780.83
2056.50	113552936727583.22
2057.50	113378743401879.31
2058.50	113325206792984.41
2059.50	113271564629842.20
2060.50	113217816912452.81
2061.50	113163963640816.19
2062.50	113110004814932.30
2063.50	113055940434801.20
2064.50	113001770500422.86
2065.50	112947495011797.23
2066.50	112893113968924.42
2067.50	112838627371804.33
2068.50	112784035220437.05
2069.50	112729337514822.52
2070.50	112652904390922.59
2071.50	112539497803844.84
2072.50	112425929193945.17
2073.50	112312198561223.48
2074.50	112198305905679.84
2075.50	112084251227314.23
2076.50	111970034526126.61
2077.50	111855655802117.06
2078.50	111741115055285.53
2079.50	111626412285632.00
2080.50	111511547493156.53
2081.50	111396520677859.09
2082.50	111281331839739.64
2083.50	111113064493588.17
2084.50	110910736239663.20
2085.50	110708162691175.00
2086.50	110505343848123.67
2087.50	110302279710509.09
2088.50	110098970278331.38
2089.50	109895415551590.47
2090.50	109691615530286.34
2091.50	109487570214419.06
2092.50	109283279603988.59
2093.50	109078743698994.89
2094.50	108873962499438.05
2095.50	108668936005318.02
2096.50	108530592917729.94
2097.50	108397891046665.39
2098.50	108265013281074.05
2099.50	108131959620955.86
2100.50	107998730066310.92
2101.50	107865324617139.17
2102.50	107731743273440.62
2103.50	107597986035215.30
2104.50	107464052902463.16
2105.50	107329943875184.22
2106.50	107195658953378.52
2107.50	107061198137045.98
2108.50	106929046546206.61
2109.50	106802255437633.31
2110.50	106675296038532.42
2111.50	106548168348904.00
2112.50	106420872368748.03
2113.50	106293408098064.48
2114.50	106165775536853.38
2115.50	106037974685114.72
2116.50	105910005542848.47
2117.50	105781868110054.69
2118.50	105653562386733.34
2119.50	105525088372884.42
2120.50	105396446068507.95
2121.50	105283718809937.11
2122.50	105175644801008.69
2123.50	105067422192761.58
2124.50	104959050985195.75
2125.50	104850531178311.20
2126.50	104741862772107.95
2127.50	104633045766585.95
2128.50	104524080161745.27
2129.50	104414965957585.88
2130.50	104305703154107.72
2131.50	104196291751310.89
2132.50	104086731749195.36
2133.50	103950559086200.59
2134.50	103752434595987.06
2135.50	103554078812722.89
2136.50	103355491736408.06
2137.50	103156673367042.61
2138.50	102957623704626.47
2139.50	102758342749159.70
2140.50	102558830500642.31
2141.50	102359086959074.27
2142.50	102159112124455.56
2143.50	101958905996786.25
2144.50	101758468576066.27
2145.50	101557799862295.64
2146.50	101405684542942.09
2147.50	101258210492619.06
2148.50	101110555099906.12
2149.50	100962718364803.33
2150.50	100814700287310.64
2151.50	100666500867428.09
2152.50	100518120105155.67
2153.50	100369558000493.34
2154.50	100220814553441.17
2155.50	100071889763999.09
2156.50	99922783632167.14
2157.50	99773496157945.34
2158.50	99653252531089.14
2159.50	99553173080040.70
2160.50	99452958183493.66
2161.50	99352607841448.02
2162.50	99252122053903.80
2163.50	99151500820861.02
2164.50	99050744142319.64
2165.50	98949852018279.66
2166.50	98848824448741.09
2167.50	98747661433703.94
2168.50	98646362973168.20
2169.50	98544929067133.89
2170.50	98466795187303.78
2171.50	98432090527459.53
2172.50	98397312120794.94
2173.50	98362459967310.03
2174.50	98327534067004.81
2175.50	98292534419879.25
2176.50	98257461025933.36
2177.50	98222313885167.14
2178.50	98187092997580.59
2179.50	98151798363173.70
2180.50	98116429981946.50
2181.50	98080987853898.97
2182.50	98033710014643.08
2183.50	97924569043712.12
2184.50	97815286960758.17
2185.50	97705863765781.22
2186.50	97596299458781.23
2187.50	97486594039758.27
2188.50	97376747508712.27
2189.50	97266759865643.25
2190.50	97156631110551.22
2191.50	97046361243436.22
2192.50	96935950264298.19
2193.50	96825398173137.12
2194.50	96713642916470.72
2195.50	96585099159904.48
2196.50	96456398159265.70
2197.50	96327539914554.38
2198.50	96198524425770.47
2199.50	96069351692913.98
2200.50	95940021715984.97
2201.50	95810534494983.36
2202.50	95680890029909.20
2203.50	95551088320762.47
2204.50	95421129367543.22
2205.50	95291013170251.34
2206.50	95161507488972.22
2207.50	95069482553444.45
2208.50	94977335169225.27
2209.50	94885065336314.69
2210.50	94792673054712.70
2211.50	94700158324419.31
2212.50	94607521145434.52
2213.50	94514761517758.30
2214.50	94421879441390.72
2215.50	94328874916331.73
2216.50	94235747942581.30
2217.50	94142498520139.50
2218.50	94043235661705.12
2219.50	93831865832624.31
2220.50	93620267339169.41
2221.50	93408440181340.42
2222.50	93196384359137.33
2223.50	92984099872560.12
2224.50	92771586721608.88
2225.50	92558844906283.50
2226.50	92345874426584.05
2227.50	92132675282510.50
2228.50	91919247474062.86
2229.50	91705591001241.12
2230.50	91514168491701.44
2231.50	91460584034553.36
2232.50	91406914779734.09
2233.50	91353160727243.62
2234.50	91299321877081.97
2235.50	91245398229249.11
2236.50	91191389783745.03
2237.50	91137296540569.78
2238.50	91083118499723.31
2239.50	91028855661205.66
2240.50	90974508025016.77
2241.50	90920075591156.72
2242.50	90866640398999.72
2243.50	90815647258608.86
2244.50	90764572537311.92
2245.50	90713416235108.91
2246.50	90662178351999.84
2247.50	90610858887984.77
2248.50	90559457843063.56
2249.50	90507975217236.36
2250.50	90456411010503.06
2251.50	90404765222863.70
2252.50	90353037854318.30
2253.50	90301228904866.83
2254.50	90163358446424.94
2255.50	89949049962074.34
2256.50	89734515983507.05
2257.50	89519756510723.06
2258.50	89304771543722.39
2259.50	89089561082505.03
2260.50	88874125127071.00
2261.50	88658463677420.30
2262.50	88442576733552.86
2263.50	88226464295468.77
2264.50	88010126363167.98
2265.50	87793562936650.52
2266.50	87701137872433.86
2267.50	87635908482753.41
2268.50	87570587429202.25
2269.50	87505174711780.48
2270.50	87439670330488.08
2271.50	87374074285325.03
2272.50	87308386576291.34
2273.50	87242607203387.03
2274.50	87176736166612.02
2275.50	87110773465966.44
2276.50	87044719101450.17
2277.50	86976177781379.20
2278.50	86895842899732.41
2279.50	86815403981041.69
2280.50	86734861025307.05
2281.50	86654214032528.48
2282.50	86573463002705.97
2283.50	86492607935839.53
2284.50	86411648831929.19
2285.50	86330585690974.86
2286.50	86249418512976.62
2287.50	86168147297934.50
2288.50	86086772045848.41
2289.50	86001721937139.03
2290.50	85914082171264.25
2291.50	85826333081395.03
2292.50	85738474667531.39
2293.50	85650506929673.34
2294.50	85562429867820.86
2295.50	85474243481973.98
2296.50	85385947772132.64
2297.50	85297542738296.91
2298.50	85209028380466.75
2299.50	85120404698642.17
2300.50	85025516577132.69
2301.50	84848703125391.20
2302.50	84671703905209.17
2303.50	84494518916586.61
2304.50	84317148159523.52
2305.50	84139591634019.84
2306.50	83961849340075.67
2307.50	83783921277690.94
2308.50	83605807446865.64
2309.50	83427507847599.84
2310.50	83249022479893.48
2311.50	83070351343746.58
2312.50	82964034580431.42
2313.50	82903992964608.25
2314.50	82843868428573.22
2315.50	82783660972326.28
2316.50	82723370595867.45
2317.50	82662997299196.77
2318.50	82602541082314.19
2319.50	82542001945219.67
2320.50	82481379887913.31
2321.50	82420674910395.05
2322.50	82359887012664.91
2323.50	82290661837747.73
2324.50	82191713810517.31
2325.50	82092650175879.05
2326.50	81993470933832.98
2327.50	81894176084379.06
2328.50	81794765627517.31
2329.50	81695239563247.73
2330.50	81595597891570.33
2331.50	81495840612485.08
2332.50	81395967725992.02
2333.50	81295979232091.12
2334.50	81195875130782.38
2335.50	81152663177184.31
2336.50	81117906482183.30
2337.50	81083090292945.38
2338.50	81048214609470.50
2339.50	81013279431758.67
2340.50	80978284759809.92
2341.50	80943230593624.22
2342.50	80908116933201.58
2343.50	80872943778542.02
2344.50	80837711129645.52
2345.50	80802418986512.06
2346.50	80666111459862.81
2347.50	80462325782040.77
2348.50	80258337196544.34
2349.50	80054145703373.58
2350.50	79849751302528.44
2351.50	79645153994008.91
2352.50	79440353777815.00
2353.50	79235350653946.73
2354.50	79030144622404.11
2355.50	78824735683187.11
2356.50	78619123836295.73
2357.50	78459719962699.08
2358.50	78372774723994.53
2359.50	78285727533932.84
2360.50	78198578392513.97
2361.50	78111327299737.92
2362.50	78023974255604.70
2363.50	77936519260114.31
2364.50	77848962313266.73
2365.50	77761303415062.00
2366.50	77673542565500.08
2367.50	77585679764581.00
2368.50	77506543271036.30
2369.50	77458625686103.66
2370.50	77410640034929.95
2371.50	77362586317515.20
2372.50	77314464533859.45
2373.50	77266274683962.64
2374.50	77218016767824.77
2375.50	77169690785445.86
2376.50	77121296736825.95
2377.50	77072834621964.95
2378.50	77024304440862.94
2379.50	76967802326041.80
2380.50	76858308159048.48
2381.50	76748694823497.98
2382.50	76638962319390.36
2383.50	76529110646725.58
2384.50	76419139805503.62
2385.50	76309049795724.52
2386.50	76198840617388.25
2387.50	76088512270494.84
2388.50	75978064755044.23
2389.50	75867498071036.52
2390.50	75764981907912.41
2391.50	75756344141929.72
2392.50	75747672646518.08
2393.50	75738967421677.53
2394.50	75730228467408.02
2395.50	75721455783709.59
2396.50	75712649370582.25
2397.50	75703809228025.94
2398.50	75694935356040.69
2399.50	75686027754626.53
