0.5	1.04E-06
1.5	2.82E-05
2.5	2.36E-05
3.5	2.03E-05
4.5	2.45E-05
5.5	3.44E-05
6.5	5.11E-05
7.5	4.09E-05
8.5	3.85E-05
9.5	3.20E-05
10.5	2.36E-05
11.5	1.60E-05
12.5	8.39E-06
13.5	8.83E-06
14.5	1.88E-05
15.5	1.69E-05
16.5	2.57E-05
17.5	1.61E-04
18.5	1.32E-04
19.5	9.84E-05
20.5	6.67E-05
21.5	4.82E-05
22.5	6.40E-05
23.5	3.73E-05
24.5	4.55E-05
25.5	7.70E-05
26.5	2.17E-05
27.5	3.04E-05
28.5	3.47E-05
29.5	1.68E-05
30.5	4.68E-04
31.5	3.23E-05
32.5	1.06E-05
33.5	2.83E-05
34.5	3.63E-05
35.5	2.65E-05
36.5	5.61E-05
37.5	2.62E-06
38.5	3.54E-06
39.5	2.20E-06
115.5	1.92E-05
116.5	2.38E-05
117.5	8.45E-05
118.5	3.27E-05
119.5	5.44E-05
120.5	1.62E-04
121.5	0.007091258
122.5	6.83E-05
123.5	4.37E-05
124.5	3.17E-05
125.5	2.84E-05
126.5	3.90E-05
127.5	2.02E-05
128.5	1.56E-05
129.5	1.86E-05
130.5	1.57E-04
131.5	2.54E-05
132.5	2.02E-05
133.5	1.93E-04
134.5	1.90E-05
135.5	4.27E-05
136.5	2.68E-05
137.5	2.91E-05
138.5	2.83E-05
139.5	7.66E-05
140.5	6.58E-05
141.5	3.97E-05
142.5	4.28E-05
143.5	4.92E-05
144.5	4.79E-05
145.5	5.10E-05
146.5	6.29E-05
147.5	7.85E-05
148.5	8.01E-05
149.5	7.30E-05
150.5	8.13E-05
151.5	8.84E-05
152.5	1.10E-04
153.5	1.22E-04
154.5	2.08E-04
155.5	1.87E-04
156.5	1.85E-04
157.5	1.64E-04
158.5	1.64E-04
159.5	1.62E-04
160.5	1.81E-04
161.5	2.14E-04
162.5	2.48E-04
163.5	2.66E-04
164.5	3.08E-04
165.5	4.86E-04
166.5	3.31E-04
167.5	3.92E-04
168.5	4.30E-04
169.5	5.67E-04
170.5	6.51E-04
171.5	6.54E-04
172.5	7.15E-04
173.5	7.22E-04
174.5	8.81E-04
175.5	0.001077328
176.5	0.001161196
177.5	0.001407726
178.5	0.001567204
179.5	0.001551038
180.5	0.002025304
181.5	0.002407542
182.5	0.002304565
183.5	0.002484114
184.5	0.00214123
185.5	0.002445062
186.5	0.002836936
187.5	0.00316903
188.5	0.003394125
189.5	0.003740553
190.5	0.003969674
191.5	0.004207685
192.5	0.004523244
193.5	0.003512479
194.5	0.005781249
195.5	0.005613058
196.5	0.006341134
197.5	0.006442507
198.5	0.006496418
199.5	0.007086388
200.5	0.007681821
201.5	0.00860375
202.5	0.008463927
203.5	0.009805621
204.5	0.01086208
205.5	0.01116685
206.5	0.01154322
207.5	0.01334181
208.5	0.01529278
209.5	0.02204896
210.5	0.02876083
211.5	0.0348651
212.5	0.03311265
213.5	0.02976263
214.5	0.04248934
215.5	0.03463794
216.5	0.03343669
217.5	0.0324776
218.5	0.04568396
219.5	0.04813973
220.5	0.04740688
221.5	0.03380254
222.5	0.04955906
223.5	0.06310948
224.5	0.05774802
225.5	0.05096205
226.5	0.03574627
227.5	0.0363149
228.5	0.05191153
229.5	0.04401102
230.5	0.05368036
231.5	0.04628478
232.5	0.04999582
233.5	0.04178067
234.5	0.03398923
235.5	0.05453945
236.5	0.04202658
237.5	0.05071408
238.5	0.03490791
239.5	0.04319838
240.5	0.03974374
241.5	0.04637481
242.5	0.06969971
243.5	0.06353972
244.5	0.06053942
245.5	0.0476214
246.5	0.04765686
247.5	0.05495579
248.5	0.04238451
249.5	0.05428165
250.5	0.05708631
251.5	0.04409892
252.5	0.03891439
253.5	0.04999478
254.5	0.05561982
255.5	0.07900269
256.5	0.0952192
257.5	0.1184154
258.5	0.1258597
259.5	0.1050357
260.5	0.08501931
261.5	0.08306967
262.5	0.1054636
263.5	0.1549435
264.5	0.2426741
265.5	0.252646
266.5	0.2462828
267.5	0.2463403
268.5	0.246007
269.5	0.2191782
270.5	0.2771056
271.5	0.2310772
272.5	0.1826249
273.5	0.2097998
274.5	0.1229995
275.5	0.1764038
276.5	0.2460197
277.5	0.2444621
278.5	0.1609733
279.5	0.07671423
280.5	0.08861984
281.5	0.208736
282.5	0.2915397
283.5	0.3243605
284.5	0.2493248
285.5	0.1264045
286.5	0.3394147
287.5	0.3710471
288.5	0.3055618
289.5	0.4553523
290.5	0.608615
291.5	0.5661372
292.5	0.494966
293.5	0.5597936
294.5	0.5052638
295.5	0.5645193
296.5	0.5050437
297.5	0.5393247
298.5	0.3989957
299.5	0.5593374
300.5	0.3682082
301.5	0.5015409
302.5	0.4892197
303.5	0.6406714
304.5	0.6032513
305.5	0.6325536
306.5	0.5662886
307.5	0.653655
308.5	0.6576215
309.5	0.4943721
310.25	0.5579951
310.48	0.6053649
310.71	0.6501151
310.95	0.6786034
311.18	0.6948231
311.42	0.7014508
311.65	0.6885023
311.89	0.6722045
312.12	0.6562677
312.36	0.6437541
312.6	0.6434608
312.84	0.647972
313.08	0.65967
313.32	0.6674925
313.56	0.668314
313.8	0.6716553
314.04	0.6699558
314.28	0.6603265
314.53	0.6525805
314.77	0.6438733
315.02	0.6330118
315.26	0.6217631
315.51	0.607198
315.75	0.5958314
316	0.5973037
316.25	0.6147621
316.5	0.6396144
316.75	0.6619712
317	0.6920001
317.25	0.7104657
317.5	0.7161507
317.75	0.7085791
318.01	0.6878408
318.26	0.6695613
318.51	0.6583554
318.77	0.6580949
319.02	0.6654652
319.28	0.6767301
319.54	0.7040969
319.8	0.7248006
320.06	0.740928
320.32	0.7412477
320.58	0.7421586
320.84	0.7373516
321.1	0.7211982
321.36	0.7038156
321.62	0.6938873
321.89	0.6849942
322.15	0.6735445
322.42	0.6652047
322.69	0.6564437
322.95	0.6543432
323.22	0.657285
323.49	0.664332
323.76	0.6809342
324.03	0.6967408
324.3	0.7277424
324.57	0.7559277
324.85	0.7835337
325.12	0.8151768
325.39	0.8490605
325.67	0.8858526
325.94	0.9119385
326.22	0.9342768
326.5	0.9484272
326.78	0.9553152
327.06	0.9492514
327.34	0.9398212
327.62	0.9313265
327.9	0.9239252
328.18	0.923848
328.47	0.9327156
328.75	0.951244
329.04	0.97461
329.32	0.9999224
329.61	1.012791
329.9	1.022038
330.19	1.016728
330.48	1.004549
330.77	0.9882999
331.06	0.9710309
331.35	0.9596099
331.64	0.9501204
331.94	0.9470279
332.23	0.9407798
332.53	0.9362015
332.83	0.9291701
333.12	0.9244585
333.42	0.9237384
333.72	0.9195155
334.02	0.92674
334.32	0.9445013
334.63	0.9418488
334.93	0.9330867
335.23	0.9293488
335.54	0.9148541
335.85	0.8838965
336.15	0.8566501
336.46	0.8429848
336.77	0.8378787
337.08	0.8320208
337.39	0.8407479
337.71	0.8650005
338.02	0.8837566
338.33	0.8997768
338.65	0.9254193
338.96	0.948191
339.28	0.9616764
339.6	0.9729537
339.92	0.984144
340.24	0.9857967
340.56	0.9828852
340.88	0.9757143
341.21	0.9669013
341.53	0.9669864
341.86	0.9712762
342.18	0.9793095
342.51	0.9787931
342.84	0.9704148
343.17	0.9501683
343.5	0.932199
343.83	0.9062049
344.17	0.8846852
344.5	0.8752444
344.84	0.8789639
345.17	0.8921972
345.51	0.9076816
345.85	0.921124
346.19	0.9280038
346.53	0.935051
346.88	0.9337851
347.22	0.9299971
347.56	0.9196233
347.91	0.9151202
348.26	0.9135574
348.6	0.9172395
348.95	0.9256343
349.3	0.9355688
349.66	0.9571603
350.01	0.9774806
350.36	1.00172
350.72	1.009132
351.08	1.003732
351.43	0.9966672
351.79	0.9891665
352.15	0.9833209
352.52	0.9789198
352.88	0.9934198
353.24	1.021501
353.61	1.050162
353.98	1.069451
354.34	1.089514
354.71	1.098016
355.08	1.084436
355.46	1.054729
355.83	1.023113
356.2	0.9873753
356.58	0.9379121
356.96	0.8815585
357.34	0.847855
357.72	0.8321486
358.1	0.8261046
358.48	0.8376493
358.86	0.8704562
359.25	0.9101703
359.64	0.9481735
360.03	0.9676751
360.42	0.9734669
360.81	0.9731292
361.2	0.9724291
361.59	0.9663353
361.99	0.9668308
362.39	0.9816761
362.79	1.003246
363.19	1.013058
363.59	1.024651
363.99	1.047408
364.39	1.073389
364.8	1.094656
365.21	1.123478
365.62	1.168703
366.03	1.193867
366.44	1.207677
366.85	1.209221
367.27	1.210328
367.69	1.202598
368.1	1.198144
368.52	1.193254
368.95	1.193075
369.37	1.204781
369.79	1.216251
370.22	1.207726
370.65	1.195518
371.08	1.186501
371.51	1.160927
371.94	1.124303
372.38	1.084162
372.81	1.047437
373.25	1.015616
373.69	0.9876405
374.13	0.9811094
374.58	0.9864984
375.02	1.001273
375.47	1.037094
375.92	1.085604
376.37	1.135657
376.82	1.178892
377.28	1.222451
377.73	1.245953
378.19	1.253934
378.65	1.251266
379.11	1.237509
379.57	1.212375
380.04	1.184541
380.51	1.149832
380.98	1.102884
381.45	1.041856
381.92	0.9759562
382.39	0.9240956
382.87	0.8839379
383.35	0.8626036
383.83	0.8626531
384.31	0.8950927
384.8	0.9335413
385.28	0.9650522
385.77	0.9862638
386.26	1.000513
386.76	1.010522
387.25	1.016903
387.75	1.029353
388.25	1.048368
388.75	1.084046
389.25	1.129136
389.76	1.174215
390.26	1.204441
390.77	1.199363
391.29	1.170576
391.8	1.116287
392.32	1.049502
392.84	0.9923668
393.36	0.9615917
393.88	0.9606875
394.4	0.9733954
394.93	0.991473
395.46	1.021465
395.99	1.047447
396.53	1.07843
397.07	1.119678
397.61	1.201944
398.15	1.300522
398.69	1.404682
399.24	1.510218
399.79	1.605706
400.34	1.67389
400.89	1.709535
401.45	1.7356
402.01	1.743979
402.57	1.746611
403.13	1.740062
403.7	1.725653
404.27	1.711993
404.84	1.693316
405.41	1.681044
405.99	1.674418
406.57	1.68058
407.15	1.684547
407.74	1.687465
408.33	1.697218
408.92	1.711137
409.51	1.719962
410.11	1.724002
410.7	1.735439
411.31	1.757533
411.91	1.77115
412.52	1.777834
413.13	1.787284
413.74	1.798645
414.36	1.79976
414.98	1.791447
415.6	1.785546
416.22	1.783715
416.85	1.773373
417.48	1.759932
418.11	1.755441
418.75	1.754516
419.39	1.752748
420.04	1.750099
420.68	1.751515
421.33	1.755478
421.98	1.748983
422.64	1.738839
423.3	1.732244
423.96	1.726118
424.63	1.715313
425.3	1.703066
425.97	1.691565
426.65	1.672301
427.32	1.634084
428.01	1.588036
428.69	1.558342
429.38	1.52836
430.08	1.517051
430.77	1.518034
431.47	1.554578
432.18	1.599412
432.89	1.644823
433.6	1.693204
434.31	1.734474
435.03	1.764563
435.75	1.775963
436.48	1.787273
437.21	1.785787
437.94	1.784996
438.68	1.790873
439.42	1.805552
440.17	1.824725
440.92	1.849115
441.67	1.883208
442.43	1.907312
443.19	1.925152
443.96	1.938729
444.73	1.949959
445.5	1.956163
446.28	1.967275
447.06	1.990769
447.85	2.016784
448.64	2.037691
449.43	2.052491
450.23	2.067354
451.04	2.07046
451.85	2.062333
452.66	2.05145
453.48	2.047046
454.3	2.046834
455.13	2.046848
455.96	2.051212
456.8	2.059144
457.64	2.067503
458.48	2.072773
459.33	2.077605
460.19	2.082053
461.05	2.084659
461.92	2.086237
462.79	2.081424
463.66	2.073718
464.54	2.06335
465.43	2.053044
466.32	2.039682
467.22	2.030774
468.12	2.029246
469.03	2.029541
469.94	2.032707
470.86	2.038976
471.78	2.049666
472.71	2.058973
473.64	2.06768
474.58	2.076777
475.53	2.085525
476.48	2.092164
477.44	2.098584
478.4	2.105388
479.37	2.105814
480.34	2.103623
481.33	2.084215
482.31	2.05727
483.31	2.024115
484.3	1.989915
485.31	1.958759
486.32	1.937801
487.34	1.931658
488.37	1.937126
489.4	1.95056
490.43	1.965752
491.48	1.98013
492.53	1.992403
493.59	1.998786
494.65	2.001099
495.72	1.997094
496.8	1.988501
497.89	1.979296
498.98	1.965944
500.08	1.956116
501.19	1.948857
502.3	1.94721
503.42	1.950737
504.55	1.955869
505.69	1.962779
506.83	1.966477
507.99	1.965015
509.14	1.959204
510.31	1.951031
511.49	1.930812
512.67	1.904226
513.86	1.878512
515.06	1.855719
516.27	1.835406
517.49	1.822987
518.71	1.828137
519.94	1.841005
521.18	1.852142
522.43	1.865306
523.69	1.880249
524.96	1.893398
526.24	1.897157
527.52	1.901583
528.82	1.912513
530.12	1.920366
531.44	1.924182
532.76	1.924872
534.09	1.924231
535.43	1.919143
536.79	1.91064
538.15	1.902526
539.52	1.896338
540.9	1.892214
542.29	1.890572
543.69	1.890491
545.11	1.89207
546.53	1.891853
547.96	1.893229
549.41	1.892535
550.86	1.889299
552.33	1.882534
553.8	1.875872
555.29	1.869123
556.79	1.860831
558.3	1.852786
559.82	1.848372
561.36	1.84642
562.9	1.84344
564.46	1.84272
566.03	1.843931
567.61	1.845484
569.21	1.845902
570.81	1.846175
572.43	1.84756
574.06	1.848279
575.71	1.847838
577.37	1.845316
579.04	1.842754
580.72	1.835427
582.42	1.826902
584.13	1.817488
585.86	1.807747
587.59	1.798573
589.35	1.790573
591.11	1.786825
592.9	1.782755
594.69	1.779642
596.5	1.776543
598.33	1.77294
600.17	1.766908
602.03	1.759467
603.9	1.751733
605.78	1.741725
607.69	1.729648
609.6	1.717883
611.54	1.707061
613.49	1.69588
615.46	1.685362
617.44	1.678124
619.44	1.673811
621.46	1.668395
623.49	1.662176
625.54	1.656601
627.61	1.651728
629.7	1.644762
631.81	1.637037
633.93	1.630125
636.07	1.623578
638.23	1.615162
640.41	1.606721
642.61	1.599087
644.82	1.585777
647.06	1.572525
649.31	1.559586
651.59	1.54751
653.88	1.53605
656.2	1.527694
658.53	1.525533
660.89	1.525011
663.27	1.524274
665.66	1.522832
668.08	1.52068
670.52	1.515978
672.99	1.507692
675.47	1.499307
677.98	1.490824
680.5	1.481969
683.06	1.472568
685.63	1.463301
688.23	1.453359
690.85	1.443241
693.49	1.433027
696.16	1.423083
698.85	1.413163
701.56	1.403518
704.3	1.39398
707.07	1.384033
709.85	1.373943
712.67	1.36374
715.51	1.353398
718.37	1.343161
721.26	1.333629
724.18	1.324363
727.12	1.314712
730.09	1.305557
733.08	1.296976
736.1	1.28802
739.15	1.279034
742.22	1.271022
745.33	1.263681
748.46	1.256183
751.61	1.248246
754.8	1.240224
758.01	1.231682
761.26	1.22253
764.53	1.213485
767.83	1.204634
771.15	1.196482
774.51	1.188166
777.9	1.17948
781.31	1.170897
784.76	1.16204
788.23	1.152325
791.73	1.142247
795.27	1.132743
798.83	1.123583
802.42	1.11374
806.05	1.104089
809.7	1.095148
813.39	1.085989
817.1	1.076227
820.85	1.067073
824.62	1.058462
828.43	1.049391
832.26	1.03859
836.13	1.02701
840.03	1.01606
843.96	1.003759
847.92	0.9905656
851.91	0.97893
855.93	0.9696851
859.99	0.9621052
864.07	0.9547451
868.18	0.9489794
872.33	0.9451116
876.5	0.9404751
880.71	0.9345753
884.94	0.9287477
889.21	0.9223993
893.5	0.9149672
897.83	0.9071798
902.19	0.89828
906.57	0.8901214
910.99	0.8820522
915.43	0.8739233
919.91	0.8653849
924.41	0.8574033
928.94	0.8494221
933.5	0.8409
938.09	0.8324163
942.7	0.8245489
947.35	0.8176528
952.74	0.8083247
957.41	0.8012191
962.11	0.795136
966.83	0.7894739
971.58	0.7835583
976.35	0.77692
981.15	0.7695576
985.98	0.7619489
990.82	0.7541166
995.7	0.746149
1000.59	0.7386199
1005.51	0.7315904
1010.45	0.7251834
1015.42	0.7183776
1020.41	0.7117944
1025.41	0.7054496
1030.44	0.6988162
1035.49	0.6918355
1040.57	0.6845835
1045.66	0.6773233
1050.77	0.6696102
1055.9	0.6612242
1061.04	0.6528212
1066.21	0.6440575
1071.39	0.6356308
1076.59	0.6278759
1081.81	0.6207516
1087.04	0.6145729
1092.29	0.6090066
1097.55	0.6037725
1102.83	0.5987781
1108.13	0.5936193
1113.43	0.5881121
1118.75	0.5825169
1124.09	0.5768008
1129.43	0.5708273
1134.79	0.5649941
1140.16	0.55916
1145.53	0.5534744
1150.92	0.5474777
1156.32	0.5413428
1161.73	0.5354018
1167.15	0.5294051
1172.57	0.5233612
1178.01	0.5173647
1183.45	0.511944
1188.9	0.5069262
1194.35	0.5020724
1199.82	0.4974959
1205.28	0.4935424
1210.76	0.4895571
1216.23	0.485577
1221.72	0.4814538
1227.2	0.4772389
1232.69	0.4728435
1238.19	0.4682472
1243.68	0.4636694
1249.18	0.4586362
1254.68	0.4534413
1260.19	0.448467
1265.69	0.4437195
1271.2	0.4390642
1276.7	0.4348355
1282.21	0.4309533
1287.72	0.4276005
1293.22	0.4241696
1298.73	0.4207057
1304.24	0.4172108
1309.74	0.4136697
1315.24	0.4101129
1320.74	0.4066174
1326.24	0.4030771
1331.74	0.3996504
1337.23	0.3961678
1342.72	0.3925395
1348.21	0.3888562
1353.69	0.3852579
1359.17	0.3816269
1364.64	0.3781281
1370.12	0.3748269
1375.58	0.3715135
1381.04	0.3682165
1386.5	0.3649241
1391.95	0.3615991
1397.4	0.3579952
1402.84	0.3545247
1408.28	0.3508702
1413.71	0.3474522
1419.13	0.3441231
1424.55	0.3407522
1429.96	0.3376053
1435.36	0.3346258
1440.76	0.3318081
1446.15	0.3292187
1451.54	0.3265376
1456.91	0.3237733
1462.28	0.3209508
1467.64	0.3181156
1473	0.314804
1478.34	0.3117181
1483.68	0.3086906
1489.01	0.3059779
1494.33	0.3035028
1499.65	0.3013166
1504.95	0.299625
1510.25	0.2980137
1515.54	0.2962192
1520.82	0.2943804
1526.09	0.2923982
1531.36	0.2899083
1536.61	0.2871547
1541.86	0.2841172
1547.09	0.2805371
1552.32	0.2771172
1557.54	0.2733343
1562.75	0.2697136
1567.95	0.2663944
1573.14	0.2635117
1578.32	0.2611349
1583.49	0.2590098
1588.65	0.2569821
1593.8	0.2554112
1598.95	0.2537756
1601.18	0.2525862
1616.86	0.2477459
1632.42	0.2412415
1647.91	0.2352765
1663.31	0.2287738
1678.61	0.2229232
1693.82	0.2166535
1708.93	0.2095043
1723.95	0.2025952
1738.86	0.1965065
1753.69	0.1920047
1768.43	0.1858505
1783.07	0.1796907
1797.62	0.1738658
1812.08	0.1691142
1826.44	0.1648153
1840.72	0.1604453
1854.9	0.1553655
1869	0.1509623
1883	0.1484468
1896.92	0.1456581
1910.75	0.1417204
1924.48	0.1371327
1938.13	0.1330332
1951.71	0.130574
1965.19	0.1283527
1978.59	0.1262992
1991.92	0.1245337
2005.15	0.1209484
2018.31	0.1181558
2031.38	0.1157304
2044.38	0.1127995
2057.3	0.1095589
2070.13	0.1082129
2082.89	0.1061581
2095.58	0.1030643
2108.19	0.1008598
2120.73	0.09876231
2133.2	0.09692058
2145.59	0.09407234
2157.91	0.09185183
2170.15	0.09020409
2182.34	0.0893106
2194.44	0.08761356
2206.48	0.08573189
2218.45	0.08427512
2230.36	0.08156834
2242.2	0.08057046
2253.97	0.07961611
2265.68	0.07699168
2277.33	0.07593031
2288.91	0.07473291
2300.43	0.07348118
2311.89	0.07136526
2323.28	0.07042656
2334.63	0.06912242
2345.9	0.06845601
2357.11	0.06619529
2368.28	0.06506344
2379.37	0.06431319
2390.42	0.06300441
2401.4	0.06263632
2412.34	0.06177582
